{
  "camera_angle_x": 1.1877281579517716,
  "camera_angle_y": 0.9374690521480943,
  "fl_x": 4230.067354732734,
  "fl_y": 4230.067354732734,
  "k1": -0.02572634737494177,
  "k2": 0,
  "p1": 0,
  "p2": 0,
  "cx": 2856.0,
  "cy": 2142.0,
  "w": 5712.0,
  "h": 4284.0,
  "aabb_scale": 16,
  "frames": [
    {
      "file_path": "./images/IMG_6960.jpg",
      "sharpness": 16.898461975918813,
      "transform_matrix": [
        [
          -0.41492194833214263,
          -0.004476096025703012,
          0.9098459987035736,
          3.340541561486633
        ],
        [
          0.9098462145204806,
          -0.006912256571769648,
          0.4148880410807686,
          1.5534786411539925
        ],
        [
          0.004432010272043774,
          0.9999660920619912,
          0.006940605988946359,
          -0.3156640492024106
        ],
        [
          0.0,
          0.0,
          0.0,
          1.0
        ]
      ]
    },
    {
      "file_path": "./images/IMG_6961.jpg",
      "sharpness": 15.50181732956047,
      "transform_matrix": [
        [
          -0.4161545774787109,
          -0.016147420617918285,
          0.9091504982406265,
          3.3971006361627607
        ],
        [
          0.9092931241249409,
          -0.006097468876203466,
          0.4161115659200175,
          1.5316596971020846
        ],
        [
          -0.001175611612084045,
          0.9998510297444155,
          0.017220228124092424,
          -0.28201599481252393
        ],
        [
          0.0,
          0.0,
          0.0,
          1.0
        ]
      ]
    },
    {
      "file_path": "./images/IMG_6962.jpg",
      "sharpness": 16.265724975790253,
      "transform_matrix": [
        [
          -0.41572936854976417,
          -0.019967630557795997,
          0.9092691492926599,
          3.446575594269035
        ],
        [
          0.9094756308986456,
          -0.014418287880460064,
          0.4155071476835351,
          1.5526432171763163
        ],
        [
          0.0048134111362541825,
          0.9996966573440065,
          0.024154179115214947,
          -0.309128692630367
        ],
        [
          0.0,
          0.0,
          0.0,
          1.0
        ]
      ]
    },
    {
      "file_path": "./images/IMG_6963.jpg",
      "sharpness": 16.736127726362216,
      "transform_matrix": [
        [
          -0.4180107021740432,
          -0.020985485678495903,
          0.9081996819307285,
          3.492257522233439
        ],
        [
          0.9083860898602397,
          -0.02075726092804493,
          0.41761686731643133,
          1.5406960615983258
        ],
        [
          0.010087844984436259,
          0.9995642778280338,
          0.027739680495048824,
          -0.3122141612042816
        ],
        [
          0.0,
          0.0,
          0.0,
          1.0
        ]
      ]
    },
    {
      "file_path": "./images/IMG_6964.jpg",
      "sharpness": 17.922477539237324,
      "transform_matrix": [
        [
          -0.4182960776242717,
          -0.02125958183042858,
          0.9080619040708735,
          3.5153046773122085
        ],
        [
          0.908207255293515,
          -0.024879537189841695,
          0.4177805525170352,
          1.517997168612015
        ],
        [
          0.013710320069612193,
          0.9994643759583882,
          0.029715119282519374,
          -0.333535406507538
        ],
        [
          0.0,
          0.0,
          0.0,
          1.0
        ]
      ]
    },
    {
      "file_path": "./images/IMG_6965.jpg",
      "sharpness": 19.217612559996088,
      "transform_matrix": [
        [
          -0.4073386828086568,
          -0.02781495695485796,
          0.9128535072275198,
          3.4832263458469463
        ],
        [
          0.9132107832164909,
          -0.024457109213344246,
          0.4067528920930374,
          1.497961938017844
        ],
        [
          0.011011943737215986,
          0.9993138535909537,
          0.03536324527814991,
          -0.3308034297349297
        ],
        [
          0.0,
          0.0,
          0.0,
          1.0
        ]
      ]
    },
    {
      "file_path": "./images/IMG_6966.jpg",
      "sharpness": 19.261976587073182,
      "transform_matrix": [
        [
          -0.3931421590726153,
          -0.0247074502772337,
          0.9191456819573252,
          3.4884247624834166
        ],
        [
          0.9194277393367171,
          -0.020984403213217498,
          0.39269872289066493,
          1.4957141424893616
        ],
        [
          0.00958513943212602,
          0.9994744602654233,
          0.030966568739265954,
          -0.30885618432504264
        ],
        [
          0.0,
          0.0,
          0.0,
          1.0
        ]
      ]
    },
    {
      "file_path": "./images/IMG_6967.jpg",
      "sharpness": 20.158675623397624,
      "transform_matrix": [
        [
          -0.3970041653053999,
          -0.021598024909557978,
          0.9175626507494977,
          3.5138232366750235
        ],
        [
          0.9177578630224997,
          -0.020671752443577534,
          0.3966020467815144,
          1.5074396574593245
        ],
        [
          0.010401807082197588,
          0.9995530020820275,
          0.028028529010764993,
          -0.28657727054542637
        ],
        [
          0.0,
          0.0,
          0.0,
          1.0
        ]
      ]
    },
    {
      "file_path": "./images/IMG_6968.jpg",
      "sharpness": 17.915479890949978,
      "transform_matrix": [
        [
          -0.38745072805711234,
          -0.030274139596079913,
          0.9213931895776127,
          3.502076492679679
        ],
        [
          0.9218814683386943,
          -0.01712614189433113,
          0.387093339644986,
          1.497924379492814
        ],
        [
          0.0040609927040514545,
          0.9993949027965915,
          0.03454470440929275,
          -0.26290384478076917
        ],
        [
          0.0,
          0.0,
          0.0,
          1.0
        ]
      ]
    },
    {
      "file_path": "./images/IMG_6969.jpg",
      "sharpness": 20.859058685324612,
      "transform_matrix": [
        [
          -0.3840286252651396,
          -0.026719103452599664,
          0.9229345071498476,
          3.4825826561519815
        ],
        [
          0.9232663457232275,
          -0.022006825209656744,
          0.3835296005513393,
          1.4887452062361728
        ],
        [
          0.010063291304541939,
          0.9994007150063267,
          0.03312009983739725,
          -0.2737709866382404
        ],
        [
          0.0,
          0.0,
          0.0,
          1.0
        ]
      ]
    },
    {
      "file_path": "./images/IMG_6970.jpg",
      "sharpness": 19.95329268090999,
      "transform_matrix": [
        [
          -0.38750836027970975,
          -0.028899263463315478,
          0.9214131013204035,
          3.5293756081597123
        ],
        [
          0.9218408149015535,
          -0.019563385797676684,
          0.38707465160840926,
          1.4811975287668422
        ],
        [
          0.006839787643362357,
          0.9993908677327831,
          0.03422149613305446,
          -0.2672430450130614
        ],
        [
          0.0,
          0.0,
          0.0,
          1.0
        ]
      ]
    },
    {
      "file_path": "./images/IMG_6971.jpg",
      "sharpness": 21.284768493441714,
      "transform_matrix": [
        [
          -0.39388773139308847,
          -0.0309367223081124,
          0.9186377818656887,
          3.57681291521823
        ],
        [
          0.9191191281238894,
          -0.0225140326571106,
          0.3933359208746338,
          1.476239290238395
        ],
        [
          0.008513716863075562,
          0.9992677506787766,
          0.037302534482662325,
          -0.2863031655156489
        ],
        [
          0.0,
          0.0,
          0.0,
          1.0
        ]
      ]
    },
    {
      "file_path": "./images/IMG_6972.jpg",
      "sharpness": 21.548082611029614,
      "transform_matrix": [
        [
          -0.38829799315678354,
          -0.028200004602729478,
          0.9211022897871312,
          3.5575044861569447
        ],
        [
          0.9215019796964602,
          -0.02019696863776011,
          0.38784814537825274,
          1.4807801710557291
        ],
        [
          0.007666154574172909,
          0.9993982400417399,
          0.03382880245875722,
          -0.27137117926093884
        ],
        [
          0.0,
          0.0,
          0.0,
          1.0
        ]
      ]
    },
    {
      "file_path": "./images/IMG_6973.jpg",
      "sharpness": 21.08498785416549,
      "transform_matrix": [
        [
          -0.3922429560018523,
          -0.029919314056412107,
          0.9193749496878836,
          3.583727150602929
        ],
        [
          0.9198329633525478,
          -0.020651606432046502,
          0.3917662960003663,
          1.4847693333306555
        ],
        [
          0.00726519077768448,
          0.9993389544085857,
          0.03562121846307785,
          -0.2797197211918304
        ],
        [
          0.0,
          0.0,
          0.0,
          1.0
        ]
      ]
    },
    {
      "file_path": "./images/IMG_6974.jpg",
      "sharpness": 21.28028783198211,
      "transform_matrix": [
        [
          -0.38941412862421715,
          -0.03294406624624925,
          0.9204734243460156,
          3.5620305683877826
        ],
        [
          0.9210402757020787,
          -0.020913214759526455,
          0.38890544864151844,
          1.4782228441452432
        ],
        [
          0.006437931540211493,
          0.999238372936038,
          0.03848671316050506,
          -0.27889453811901127
        ],
        [
          0.0,
          0.0,
          0.0,
          1.0
        ]
      ]
    },
    {
      "file_path": "./images/IMG_6975.jpg",
      "sharpness": 21.89164561154577,
      "transform_matrix": [
        [
          -0.38979186316275366,
          -0.03211207215257008,
          0.9203429351249747,
          3.563145399625549
        ],
        [
          0.920846133620852,
          -0.024695771097538892,
          0.38914331175728284,
          1.4833331318665441
        ],
        [
          0.010232380352243532,
          0.9991791299422952,
          0.03919648811259853,
          -0.28819932599222614
        ],
        [
          0.0,
          0.0,
          0.0,
          1.0
        ]
      ]
    },
    {
      "file_path": "./images/IMG_6976.jpg",
      "sharpness": 18.219211912374593,
      "transform_matrix": [
        [
          -0.3938451792897554,
          -0.032338390855382246,
          0.9186077526492908,
          3.586474505722184
        ],
        [
          0.919137638289213,
          -0.023079813408481257,
          0.39325986839894744,
          1.4892589049955558
        ],
        [
          0.0084839041947086,
          0.9992104636612801,
          0.038813305446726905,
          -0.28394466145592323
        ],
        [
          0.0,
          0.0,
          0.0,
          1.0
        ]
      ]
    },
    {
      "file_path": "./images/IMG_6977.jpg",
      "sharpness": 21.116994016677335,
      "transform_matrix": [
        [
          -0.3975234118160505,
          -0.030782577946351815,
          0.9170755530235113,
          3.5876802825229985
        ],
        [
          0.9175213854870339,
          -0.025736477356157163,
          0.39685279501000126,
          1.4683821101666432
        ],
        [
          0.011386142108651982,
          0.9991947090675313,
          0.03847452585294544,
          -0.29476691983866987
        ],
        [
          0.0,
          0.0,
          0.0,
          1.0
        ]
      ]
    },
    {
      "file_path": "./images/IMG_6978.jpg",
      "sharpness": 22.632824524063842,
      "transform_matrix": [
        [
          -0.394455192034359,
          -0.030376155891409292,
          0.9184129739015414,
          3.5622405879137458
        ],
        [
          0.918847645833761,
          -0.02515500503557033,
          0.39380989000711497,
          1.45188766330949
        ],
        [
          0.011140252372791532,
          0.9992219547604011,
          0.0378335816722319,
          -0.29351063504310776
        ],
        [
          0.0,
          0.0,
          0.0,
          1.0
        ]
      ]
    },
    {
      "file_path": "./images/IMG_6979.jpg",
      "sharpness": 20.582821882878275,
      "transform_matrix": [
        [
          -0.3929019038282386,
          -0.02859109588923503,
          0.919135813253011,
          3.5635728791998553
        ],
        [
          0.9195157395769195,
          -0.02406695495978098,
          0.3923156718119671,
          1.4427838082235087
        ],
        [
          0.010904065227856273,
          0.9993014214515521,
          0.03574591510495096,
          -0.30320977020464907
        ],
        [
          0.0,
          0.0,
          0.0,
          1.0
        ]
      ]
    },
    {
      "file_path": "./images/IMG_6980.jpg",
      "sharpness": 22.130944895810693,
      "transform_matrix": [
        [
          -0.3967175439123052,
          -0.02996754795427427,
          0.9174514354569794,
          3.5931188462397965
        ],
        [
          0.9178520376223395,
          -0.02684387347518955,
          0.39601394355422315,
          1.4578517524686
        ],
        [
          0.012760383409015754,
          0.9991903484955869,
          0.03815521050654568,
          -0.32777653155328185
        ],
        [
          0.0,
          0.0,
          0.0,
          1.0
        ]
      ]
    },
    {
      "file_path": "./images/IMG_6981.jpg",
      "sharpness": 19.67670826323361,
      "transform_matrix": [
        [
          -0.4005117806984305,
          -0.025460189236147145,
          0.9159378211899035,
          3.5951083421097256
        ],
        [
          0.9162297345463862,
          -0.022744551288471797,
          0.40000719858490624,
          1.4582111848427477
        ],
        [
          0.010648335779312079,
          0.9994170621672523,
          0.03243684316306847,
          -0.304910726599909
        ],
        [
          0.0,
          0.0,
          0.0,
          1.0
        ]
      ]
    },
    {
      "file_path": "./images/IMG_6982.jpg",
      "sharpness": 20.299556373827144,
      "transform_matrix": [
        [
          -0.39471298224385404,
          -0.025098117910426997,
          0.9184616192992461,
          3.566983567420935
        ],
        [
          0.9187657860254339,
          -0.019954845509918644,
          0.3942984080233421,
          1.4589459709757622
        ],
        [
          0.008431611783442684,
          0.999485812114562,
          0.03093572861116783,
          -0.29109862959948607
        ],
        [
          0.0,
          0.0,
          0.0,
          1.0
        ]
      ]
    },
    {
      "file_path": "./images/IMG_6983.jpg",
      "sharpness": 19.10700157785996,
      "transform_matrix": [
        [
          -0.3968116763817287,
          -0.025967772877213795,
          0.9175326524212616,
          3.590773361134959
        ],
        [
          0.9178773101546366,
          -0.018261129565023432,
          0.39644391110256544,
          1.4636284649439353
        ],
        [
          0.006460417203938511,
          0.9994959759394146,
          0.0310814589545644,
          -0.2710316891299544
        ],
        [
          0.0,
          0.0,
          0.0,
          1.0
        ]
      ]
    },
    {
      "file_path": "./images/IMG_6984.jpg",
      "sharpness": 18.351901005597885,
      "transform_matrix": [
        [
          -0.39855717718611566,
          -0.019801224623308043,
          0.9169297072388528,
          3.592450268516742
        ],
        [
          0.9171272779401043,
          -0.014548724446422117,
          0.3983288725100866,
          1.4569876436591158
        ],
        [
          0.005452758168835319,
          0.9996980774817341,
          0.02395874178567969,
          -0.2543460037766096
        ],
        [
          0.0,
          0.0,
          0.0,
          1.0
        ]
      ]
    },
    {
      "file_path": "./images/IMG_6985.jpg",
      "sharpness": 20.21525503845707,
      "transform_matrix": [
        [
          -0.4040696523701899,
          -0.02220813308174756,
          0.9144585911121033,
          3.6140313016870658
        ],
        [
          0.9147195565990548,
          -0.014160960715771722,
          0.40384105780224355,
          1.458799057477554
        ],
        [
          0.003981056229392523,
          0.9996530728292218,
          0.026036228119078703,
          -0.23726856138614183
        ],
        [
          0.0,
          0.0,
          0.0,
          1.0
        ]
      ]
    },
    {
      "file_path": "./images/IMG_6986.jpg",
      "sharpness": 20.21683417813792,
      "transform_matrix": [
        [
          -0.39916316749790415,
          -0.01344532581436216,
          0.9167813201233221,
          3.6332909326497473
        ],
        [
          0.9168754607186431,
          -0.008967679016624559,
          0.39907263783054653,
          1.462035910676764
        ],
        [
          0.0028557389680746426,
          0.9998693934445021,
          0.0159072564619359,
          -0.2023385484961366
        ],
        [
          0.0,
          0.0,
          0.0,
          1.0
        ]
      ]
    },
    {
      "file_path": "./images/IMG_6987.jpg",
      "sharpness": 20.227836860909168,
      "transform_matrix": [
        [
          -0.3982573551872315,
          -0.011269615475508048,
          0.9172044890898545,
          3.6077920228288027
        ],
        [
          0.9172382681771823,
          -0.013684100587152775,
          0.39810388692204984,
          1.460459702468596
        ],
        [
          0.008064640762777011,
          0.9998428582324477,
          0.01578671628973326,
          -0.2268207758559843
        ],
        [
          0.0,
          0.0,
          0.0,
          1.0
        ]
      ]
    },
    {
      "file_path": "./images/IMG_6988.jpg",
      "sharpness": 19.522592827810623,
      "transform_matrix": [
        [
          -0.40072258891841667,
          -0.004954997321685165,
          0.9161860371847738,
          3.643233500955786
        ],
        [
          0.9161813571694445,
          -0.008449149378378687,
          0.40067484654010505,
          1.4608009664941928
        ],
        [
          0.005755649895086135,
          0.9999520287876815,
          0.007925441184014793,
          -0.1757847882311611
        ],
        [
          0.0,
          0.0,
          0.0,
          1.0
        ]
      ]
    },
    {
      "file_path": "./images/IMG_6989.jpg",
      "sharpness": 19.67921599936412,
      "transform_matrix": [
        [
          -0.40030762367247785,
          -0.0028434723034443383,
          0.9163764079761268,
          3.6320169114614465
        ],
        [
          0.9163725475884805,
          -0.005491033344830662,
          0.4002888988955402,
          1.4524738223029539
        ],
        [
          0.0038936430152273684,
          0.9999808814264108,
          0.004803782468480054,
          -0.16921882084102674
        ],
        [
          0.0,
          0.0,
          0.0,
          1.0
        ]
      ]
    },
    {
      "file_path": "./images/IMG_6990.jpg",
      "sharpness": 20.117386984021344,
      "transform_matrix": [
        [
          -0.3991243736439965,
          0.003847985920342916,
          0.9168887213658593,
          3.6166793676956828
        ],
        [
          0.9168767304892694,
          -0.004940665748146353,
          0.3991398888977064,
          1.4469436140119096
        ],
        [
          0.006065925373239618,
          0.9999803912210469,
          -0.0015561886274995135,
          -0.15920595677881255
        ],
        [
          0.0,
          0.0,
          0.0,
          1.0
        ]
      ]
    },
    {
      "file_path": "./images/IMG_6991.jpg",
      "sharpness": 18.727793432005832,
      "transform_matrix": [
        [
          -0.400098920488867,
          0.0061962870822881095,
          0.9164510133391272,
          3.6278405920909886
        ],
        [
          0.9164609761465939,
          -0.0021907743255873786,
          0.4001180822060991,
          1.4632235488105303
        ],
        [
          0.004486983854845446,
          0.9999784030340475,
          -0.004802128865216077,
          -0.11402735266471871
        ],
        [
          0.0,
          0.0,
          0.0,
          1.0
        ]
      ]
    },
    {
      "file_path": "./images/IMG_6992.jpg",
      "sharpness": 18.424994422894112,
      "transform_matrix": [
        [
          -0.4014893868145711,
          0.01188623398991953,
          0.9157865415679969,
          3.644451575112831
        ],
        [
          0.915825579102945,
          -0.003909748475928926,
          0.4015572468871788,
          1.453699209092588
        ],
        [
          0.008353498432020608,
          0.9999217125898748,
          -0.009315994608971274,
          -0.12572970517726845
        ],
        [
          0.0,
          0.0,
          0.0,
          1.0
        ]
      ]
    },
    {
      "file_path": "./images/IMG_6993.jpg",
      "sharpness": 17.956851144870136,
      "transform_matrix": [
        [
          -0.39283194599425947,
          0.012144191713207233,
          0.9195300869543486,
          3.6288580457274033
        ],
        [
          0.919594728440346,
          -0.0006270734408581942,
          0.3928678431783722,
          1.4605108954774508
        ],
        [
          0.005347675301111488,
          0.9999260599598395,
          -0.010921400200580687,
          -0.09768176770091705
        ],
        [
          0.0,
          0.0,
          0.0,
          1.0
        ]
      ]
    },
    {
      "file_path": "./images/IMG_6994.jpg",
      "sharpness": 16.03250513077087,
      "transform_matrix": [
        [
          -0.4003513760355629,
          0.017308942481677622,
          0.9161982188461584,
          3.6686716397038
        ],
        [
          0.9163542002402222,
          0.0035154627110943653,
          0.4003531206622845,
          1.4675377139633148
        ],
        [
          0.003708828463578895,
          0.9998440088495649,
          -0.017268542478590068,
          -0.07495574106953204
        ],
        [
          0.0,
          0.0,
          0.0,
          1.0
        ]
      ]
    },
    {
      "file_path": "./images/IMG_6995.jpg",
      "sharpness": 17.08827675599432,
      "transform_matrix": [
        [
          -0.3982820125115656,
          0.0018720520341102605,
          0.9172611045559462,
          3.69807484298257
        ],
        [
          0.9171043219296319,
          0.019413328715164983,
          0.39817431530196357,
          1.4593104529568994
        ],
        [
          -0.017061688303488396,
          0.9998097909550868,
          -0.009448846641584178,
          -0.08226138507719544
        ],
        [
          0.0,
          0.0,
          0.0,
          1.0
        ]
      ]
    },
    {
      "file_path": "./images/IMG_6996.jpg",
      "sharpness": 17.37311997770069,
      "transform_matrix": [
        [
          -0.40039623341482156,
          0.001064694483550063,
          0.9163414880344315,
          3.731048525242851
        ],
        [
          0.9162280418445146,
          0.01624301891874582,
          0.4003277902846264,
          1.4476850949043645
        ],
        [
          -0.014457925336247133,
          0.9998675066039189,
          -0.007479146536177269,
          -0.11283460620694911
        ],
        [
          0.0,
          0.0,
          0.0,
          1.0
        ]
      ]
    },
    {
      "file_path": "./images/IMG_6997.jpg",
      "sharpness": 17.164181225008598,
      "transform_matrix": [
        [
          -0.38569640574941844,
          -0.007520772933135437,
          0.9225951010962199,
          3.7413018633130366
        ],
        [
          0.9225908410350987,
          0.00555531742759417,
          0.38573991041429495,
          1.490511590982581
        ],
        [
          -0.008026370921206751,
          0.9999562872561194,
          0.004795930260995234,
          -0.13602696691904045
        ],
        [
          0.0,
          0.0,
          0.0,
          1.0
        ]
      ]
    },
    {
      "file_path": "./images/IMG_6998.jpg",
      "sharpness": 16.3798089426642,
      "transform_matrix": [
        [
          -0.39328032155887677,
          -0.008262474832943779,
          0.919381487840851,
          3.8035370461336218
        ],
        [
          0.9194138092327662,
          -0.00030129865641344224,
          0.3932914397888858,
          1.4941462994618568
        ],
        [
          -0.0029725522162500463,
          0.9999658197803718,
          0.007715128292326215,
          -0.15697760438448116
        ],
        [
          0.0,
          0.0,
          0.0,
          1.0
        ]
      ]
    },
    {
      "file_path": "./images/IMG_6999.jpg",
      "sharpness": 16.941323530023467,
      "transform_matrix": [
        [
          -0.39523919514903827,
          -0.004153947779351318,
          0.9185688451804048,
          3.8156461671282544
        ],
        [
          0.9185760300078444,
          0.0004050394933105655,
          0.3952441182839239,
          1.4915309313649145
        ],
        [
          -0.0020138800870699108,
          0.9999912902926362,
          0.00365562937667677,
          -0.15720240738238037
        ],
        [
          0.0,
          0.0,
          0.0,
          1.0
        ]
      ]
    },
    {
      "file_path": "./images/IMG_7001.jpg",
      "sharpness": 17.74550652253477,
      "transform_matrix": [
        [
          -0.37826490681429775,
          -0.004781041426517639,
          0.9256850446647199,
          3.760589428747214
        ],
        [
          0.9256971602474069,
          -0.0012471218862198478,
          0.37826341641359884,
          1.4760479129545414
        ],
        [
          -0.0006540509850617262,
          0.9999877930905732,
          0.004897538915629591,
          -0.1620214570070054
        ],
        [
          0.0,
          0.0,
          0.0,
          1.0
        ]
      ]
    },
    {
      "file_path": "./images/IMG_7002.jpg",
      "sharpness": 16.339891612570412,
      "transform_matrix": [
        [
          -0.37126084783110025,
          -0.017662160980187473,
          0.9283606147061163,
          3.745917896319896
        ],
        [
          0.9285164835351831,
          -0.001951728996290763,
          0.3712860495054768,
          1.507815864332975
        ],
        [
          -0.004745805645327338,
          0.9998421069467475,
          0.017124208166855427,
          -0.1855905913363528
        ],
        [
          0.0,
          0.0,
          0.0,
          1.0
        ]
      ]
    },
    {
      "file_path": "./images/IMG_7003.jpg",
      "sharpness": 16.67262929512054,
      "transform_matrix": [
        [
          -0.3687986790980241,
          -0.010564985830282758,
          0.9294492537897023,
          3.7448862007103108
        ],
        [
          0.9295092971813708,
          -0.004221279487649417,
          0.36877452088353624,
          1.5164477324857721
        ],
        [
          2.7367482129656613e-05,
          0.9999352788426705,
          0.011377054852985938,
          -0.197511018251267
        ],
        [
          0.0,
          0.0,
          0.0,
          1.0
        ]
      ]
    },
    {
      "file_path": "./images/IMG_7004.jpg",
      "sharpness": 15.321132645055261,
      "transform_matrix": [
        [
          -0.36653793541836954,
          -0.01868400059251154,
          0.9302154857995936,
          3.731515153023849
        ],
        [
          0.930396635204683,
          -0.003631469299009469,
          0.3665363742257163,
          1.5398235226783317
        ],
        [
          -0.003470316855065908,
          0.9998188438676605,
          0.018714602542829143,
          -0.20912398440559513
        ],
        [
          0.0,
          0.0,
          0.0,
          1.0
        ]
      ]
    },
    {
      "file_path": "./images/IMG_7005.jpg",
      "sharpness": 16.348531312883107,
      "transform_matrix": [
        [
          -0.3715475839584834,
          -0.013238139844470611,
          0.9283195271609596,
          3.800749158843613
        ],
        [
          0.9283844654386761,
          0.0026660606399020216,
          0.3716115935392867,
          1.572596763337623
        ],
        [
          -0.0073944023957159336,
          0.9999088177300962,
          0.011299514993468858,
          -0.15636415618678723
        ],
        [
          0.0,
          0.0,
          0.0,
          1.0
        ]
      ]
    },
    {
      "file_path": "./images/IMG_7006.jpg",
      "sharpness": 15.973524874225037,
      "transform_matrix": [
        [
          -0.3509823600753284,
          -0.009552151085453998,
          0.9363333483999537,
          3.6723260715918413
        ],
        [
          0.93638176384085,
          -0.004390362183550656,
          0.3509557195234121,
          1.5345768771296118
        ],
        [
          0.0007584604668206828,
          0.99994473903802,
          0.01048539976263977,
          -0.17641261325210844
        ],
        [
          0.0,
          0.0,
          0.0,
          1.0
        ]
      ]
    },
    {
      "file_path": "./images/IMG_7007.jpg",
      "sharpness": 14.586506025325107,
      "transform_matrix": [
        [
          -0.31018173342364974,
          -0.015816211799868432,
          0.950545706262922,
          3.66180791625579
        ],
        [
          0.9506525654566401,
          0.0020494367005360606,
          0.31025070443097963,
          1.5299120041060748
        ],
        [
          -0.006855074108290951,
          0.9998728155389504,
          0.014400024495036164,
          -0.1945214034525427
        ],
        [
          0.0,
          0.0,
          0.0,
          1.0
        ]
      ]
    },
    {
      "file_path": "./images/IMG_7008.jpg",
      "sharpness": 13.542626016320192,
      "transform_matrix": [
        [
          -0.32677507410593265,
          -0.013761879236735124,
          0.9450019373647925,
          3.6144690259584946
        ],
        [
          0.9450920801754907,
          -0.00014527603692265556,
          0.32680412923406776,
          1.625825547630633
        ],
        [
          -0.0043601528242410295,
          0.9999052903025479,
          0.013053715662701089,
          -0.18939137709783896
        ],
        [
          0.0,
          0.0,
          0.0,
          1.0
        ]
      ]
    },
    {
      "file_path": "./images/IMG_7009.jpg",
      "sharpness": 13.21448641955036,
      "transform_matrix": [
        [
          -0.3442338485531094,
          -0.01341232203928328,
          0.93878813750926,
          3.6474080156813877
        ],
        [
          0.9388839266835979,
          -0.004733899060376261,
          0.3442013399376513,
          1.678607171092878
        ],
        [
          -0.00017241093554911226,
          0.9998988447925503,
          0.014222181874402506,
          -0.19557038569109597
        ],
        [
          0.0,
          0.0,
          0.0,
          1.0
        ]
      ]
    },
    {
      "file_path": "./images/IMG_7010.jpg",
      "sharpness": 13.230385562553224,
      "transform_matrix": [
        [
          -0.36245703774025956,
          -0.009054926777459171,
          0.931956492597099,
          3.659783860985225
        ],
        [
          0.9319987995893287,
          -0.0016222851868254744,
          0.362457729611086,
          1.7080568349139655
        ],
        [
          -0.0017701289888463676,
          0.9999576873508716,
          0.00902718957014786,
          -0.189219958846366
        ],
        [
          0.0,
          0.0,
          0.0,
          1.0
        ]
      ]
    },
    {
      "file_path": "./images/IMG_7011.jpg",
      "sharpness": 13.405021552995779,
      "transform_matrix": [
        [
          -0.35911152440721555,
          -0.011222577159515896,
          0.9332271785584152,
          3.670055245017352
        ],
        [
          0.9332945515503037,
          -0.003847417652104275,
          0.35909118260398415,
          1.687923444854597
        ],
        [
          -0.0004394137838659019,
          0.9999296230933379,
          0.011855622135407444,
          -0.1861074927267451
        ],
        [
          0.0,
          0.0,
          0.0,
          1.0
        ]
      ]
    },
    {
      "file_path": "./images/IMG_7012.jpg",
      "sharpness": 13.281246875193641,
      "transform_matrix": [
        [
          -0.34489266969349713,
          -0.016636366206074685,
          0.9384946870981346,
          3.7063280247374695
        ],
        [
          0.9386381644820349,
          -0.009018788994347795,
          0.34478552409124136,
          1.717583424646117
        ],
        [
          0.002728107313919261,
          0.9998209303494345,
          0.018726042452983805,
          -0.19591754981223525
        ],
        [
          0.0,
          0.0,
          0.0,
          1.0
        ]
      ]
    },
    {
      "file_path": "./images/IMG_7013.jpg",
      "sharpness": 12.831070936668526,
      "transform_matrix": [
        [
          -0.34462499810758185,
          -0.016531459720093275,
          0.9385948654873133,
          3.711113452255128
        ],
        [
          0.9387174804436105,
          -0.013061387953495847,
          0.34443996872361937,
          1.704105891148672
        ],
        [
          0.006565256200344352,
          0.9997780308571134,
          0.020019651015256875,
          -0.21950358167069792
        ],
        [
          0.0,
          0.0,
          0.0,
          1.0
        ]
      ]
    },
    {
      "file_path": "./images/IMG_7014.jpg",
      "sharpness": 12.814856683507289,
      "transform_matrix": [
        [
          -0.3516665166593487,
          -0.018708566161273,
          0.9359383797094473,
          3.754426248768327
        ],
        [
          0.9361209545504954,
          -0.010090039818980098,
          0.35153342593261455,
          1.7019595207537854
        ],
        [
          0.0028669691624207687,
          0.9997740648011015,
          0.02106180996925681,
          -0.20199031642745233
        ],
        [
          0.0,
          0.0,
          0.0,
          1.0
        ]
      ]
    },
    {
      "file_path": "./images/IMG_7015.jpg",
      "sharpness": 12.123249399368598,
      "transform_matrix": [
        [
          -0.33238800229574544,
          -0.023964612694634027,
          0.9428382222144558,
          3.7047262850825335
        ],
        [
          0.943142597677657,
          -0.008982437525346013,
          0.3322669954448447,
          1.7011932172022632
        ],
        [
          0.0005063355705042301,
          0.9996724529338475,
          0.02558770153395217,
          -0.19285616107041262
        ],
        [
          0.0,
          0.0,
          0.0,
          1.0
        ]
      ]
    },
    {
      "file_path": "./images/IMG_7016.jpg",
      "sharpness": 12.35421167803376,
      "transform_matrix": [
        [
          -0.3153715393212771,
          -0.026095453699620342,
          0.948609413553658,
          3.6573211598323514
        ],
        [
          0.9489681015816005,
          -0.00928143539060691,
          0.31523546300773797,
          1.6996315864859932
        ],
        [
          0.0005782445534229878,
          0.9996163675398562,
          0.027690853723485936,
          -0.19399152822981258
        ],
        [
          0.0,
          0.0,
          0.0,
          1.0
        ]
      ]
    },
    {
      "file_path": "./images/IMG_7017.jpg",
      "sharpness": 13.171098814006392,
      "transform_matrix": [
        [
          -0.30542221311961126,
          -0.02918838670242506,
          0.951769567602949,
          3.6804975960485793
        ],
        [
          0.9522167237069714,
          -0.008560766024133571,
          0.30530316797871854,
          1.678945535287957
        ],
        [
          -0.000763430351298645,
          0.9995372686233694,
          0.030408318061165347,
          -0.21111569770225752
        ],
        [
          0.0,
          0.0,
          0.0,
          1.0
        ]
      ]
    },
    {
      "file_path": "./images/IMG_7018.jpg",
      "sharpness": 13.340671925659244,
      "transform_matrix": [
        [
          -0.3103222112161411,
          -0.032994325650737295,
          0.9500586822407621,
          3.682379007875424
        ],
        [
          0.9506182567287065,
          -0.016032744913343368,
          0.3099481909361931,
          1.6685169293155713
        ],
        [
          0.005005516958467637,
          0.9993269362754476,
          0.03634032518541617,
          -0.22986498102952319
        ],
        [
          0.0,
          0.0,
          0.0,
          1.0
        ]
      ]
    },
    {
      "file_path": "./images/IMG_7019.jpg",
      "sharpness": 13.41886165322995,
      "transform_matrix": [
        [
          -0.32072988904934185,
          -0.032436671759678376,
          0.9466151280197393,
          3.721874052450918
        ],
        [
          0.9471057008298396,
          -0.022691338428012537,
          0.3201185633729546,
          1.6671906536487007
        ],
        [
          0.011096383466663978,
          0.9992161755525059,
          0.037998747195935156,
          -0.25805180363109254
        ],
        [
          0.0,
          0.0,
          0.0,
          1.0
        ]
      ]
    },
    {
      "file_path": "./images/IMG_7020.jpg",
      "sharpness": 11.236206690387178,
      "transform_matrix": [
        [
          -0.3235550657157468,
          -0.04099018118079529,
          0.9453210695296704,
          3.71844913370348
        ],
        [
          0.9461645689313117,
          -0.023734801176612863,
          0.3228146026934528,
          1.647219396375857
        ],
        [
          0.009204778581138672,
          0.9988776022417101,
          0.04646297226179267,
          -0.26659017181572486
        ],
        [
          0.0,
          0.0,
          0.0,
          1.0
        ]
      ]
    },
    {
      "file_path": "./images/IMG_7021.jpg",
      "sharpness": 20.03281637343766,
      "transform_matrix": [
        [
          -0.334406213946963,
          -0.04353207176964964,
          0.9414230944699497,
          3.8107404531943923
        ],
        [
          0.9424180921058689,
          -0.020260110422236372,
          0.33382280868330855,
          1.650281594491916
        ],
        [
          0.0045413373820568405,
          0.9988465781356999,
          0.047800518843016435,
          -0.24115317962853278
        ],
        [
          0.0,
          0.0,
          0.0,
          1.0
        ]
      ]
    },
    {
      "file_path": "./images/IMG_7022.jpg",
      "sharpness": 20.203950473383024,
      "transform_matrix": [
        [
          -0.3359694799039971,
          -0.042541419292984856,
          0.9409116516537842,
          3.8046666766386283
        ],
        [
          0.9418444699152122,
          -0.022932289597189008,
          0.3352657223516348,
          1.6543866295109062
        ],
        [
          0.007314578811967664,
          0.9988314861570218,
          0.04777194991241754,
