{
    "camera_angle_x": 1.1877281579517716,
    "camera_angle_y": 0.9374690521480943,
    "fl_x": 4230.067354732734,
    "fl_y": 4230.067354732734,
    "k1": -0.02572634737494177,
    "k2": 0,
    "p1": 0,
    "p2": 0,
    "cx": 2856.0,
    "cy": 2142.0,
    "w": 5712.0,
    "h": 4284.0,
    "aabb_scale": 16,
    "frames": [
        {
            "file_path": "./images/IMG_7042.jpg",
            "sharpness": 12.349813328402876,
            "transform_matrix": [
                [
                    -0.39184103268962867,
                    -0.0022640431057617803,
                    0.9200301512503904,
                    3.849541645350429
                ],
                [
                    0.9200309084991437,
                    -0.0030641369352328567,
                    0.3918338148642642,
                    1.5309829213024841
                ],
                [
                    0.0019319697208264345,
                    0.9999927425606315,
                    0.00328364421647929,
                    -0.18385150622625016
                ],
                [
                    0.0,
                    0.0,
                    0.0,
                    1.0
                ]
            ]
        },
        {
            "file_path": "./images/IMG_7070.jpg",
            "sharpness": 22.635627445186373,
            "transform_matrix": [
                [
                    -0.018383942153815565,
                    0.033445782108839986,
                    0.9992714397651368,
                    4.03271925927171
                ],
                [
                    0.9995671126024823,
                    0.023575770553779078,
                    0.017600296768306184,
                    -0.0642157346217452
                ],
                [
                    -0.022969938494083644,
                    0.9991624305898412,
                    -0.03386471945335727,
                    0.10850583341411622
                ],
                [
                    0.0,
                    0.0,
                    0.0,
                    1.0
                ]
            ]
        },
        {
            "file_path": "./images/IMG_6976.jpg",
            "sharpness": 18.219211912374593,
            "transform_matrix": [
                [
                    -0.3938451792897554,
                    -0.032338390855382246,
                    0.9186077526492908,
                    3.586474505722184
                ],
                [
                    0.919137638289213,
                    -0.023079813408481257,
                    0.39325986839894744,
                    1.4892589049955558
                ],
                [
                    0.0084839041947086,
                    0.9992104636612801,
                    0.038813305446726905,
                    -0.28394466145592323
                ],
                [
                    0.0,
                    0.0,
                    0.0,
                    1.0
                ]
            ]
        },
        {
            "file_path": "./images/IMG_7072.jpg",
            "sharpness": 22.780556442845956,
            "transform_matrix": [
                [
                    -0.009240781613414586,
                    0.03329584525905496,
                    0.9994028190093992,
                    3.968526498888519
                ],
                [
                    0.9995787507388875,
                    0.02780583773939245,
                    0.008316036249091947,
                    -0.05719845850290523
                ],
                [
                    -0.02751234316554831,
                    0.9990586679852046,
                    -0.03353876708296925,
                    0.14135063507403925
                ],
                [
                    0.0,
                    0.0,
                    0.0,
                    1.0
                ]
            ]
        },
        {
            "file_path": "./images/IMG_7017.jpg",
            "sharpness": 13.171098814006392,
            "transform_matrix": [
                [
                    -0.30542221311961126,
                    -0.02918838670242506,
                    0.951769567602949,
                    3.6804975960485793
                ],
                [
                    0.9522167237069714,
                    -0.008560766024133571,
                    0.30530316797871854,
                    1.678945535287957
                ],
                [
                    -0.000763430351298645,
                    0.9995372686233694,
                    0.030408318061165347,
                    -0.21111569770225752
                ],
                [
                    0.0,
                    0.0,
                    0.0,
                    1.0
                ]
            ]
        },
        {
            "file_path": "./images/IMG_7045.jpg",
            "sharpness": 16.67843381306998,
            "transform_matrix": [
                [
                    -0.37315055007991366,
                    0.0027616345861593695,
                    0.9277666949992042,
                    3.7172254770205924
                ],
                [
                    0.9277691879462371,
                    0.0029778892440753047,
                    0.37314268862357486,
                    1.5210200530974414
                ],
                [
                    -0.00173230270757405,
                    0.9999917527411608,
                    -0.0036733604869090973,
                    -0.13835223582751588
                ],
                [
                    0.0,
                    0.0,
                    0.0,
                    1.0
                ]
            ]
        },
        {
            "file_path": "./images/IMG_7014.jpg",
            "sharpness": 12.814856683507289,
            "transform_matrix": [
                [
                    -0.3516665166593487,
                    -0.018708566161273,
                    0.9359383797094473,
                    3.754426248768327
                ],
                [
                    0.9361209545504954,
                    -0.010090039818980098,
                    0.35153342593261455,
                    1.7019595207537854
                ],
                [
                    0.0028669691624207687,
                    0.9997740648011015,
                    0.02106180996925681,
                    -0.20199031642745233
                ],
                [
                    0.0,
                    0.0,
                    0.0,
                    1.0
                ]
            ]
        },
        {
            "file_path": "./images/IMG_7036.jpg",
            "sharpness": 13.744265248431997,
            "transform_matrix": [
                [
                    -0.3682239795202464,
                    -0.030844326915584957,
                    0.929225337796852,
                    3.818537080480175
                ],
                [
                    0.9297299970541583,
                    -0.016126404764959593,
                    0.3678886674620895,
                    1.5908649767382215
                ],
                [
                    0.0036377855874287256,
                    0.9993940997258076,
                    0.03461502491027197,
                    -0.29423721821294
                ],
                [
                    0.0,
                    0.0,
                    0.0,
                    1.0
                ]
            ]
        },
        {
            "file_path": "./images/IMG_7061.jpg",
            "sharpness": 23.320316627594813,
            "transform_matrix": [
                [
                    -0.02287995772428734,
                    0.0022288288235305753,
                    0.9997357350104507,
                    4.104345510398502
                ],
                [
                    0.9996560120098231,
                    0.012874828543338646,
                    0.022849429808996926,
                    -0.0651396405400986
                ],
                [
                    -0.012820498709148656,
                    0.9999146319123103,
                    -0.002522637665962183,
                    0.08150057224731866
                ],
                [
                    0.0,
                    0.0,
                    0.0,
                    1.0
                ]
            ]
        },
        {
            "file_path": "./images/IMG_7067.jpg",
            "sharpness": 25.179566239118774,
            "transform_matrix": [
                [
                    -0.016366533963941065,
                    0.02339381226757904,
                    0.9995923499676618,
                    4.029700968723774
                ],
                [
                    0.9995932883521128,
                    0.023733238708068132,
                    0.015811111973419698,
                    -0.07155109274662011
                ],
                [
                    -0.023353681667293454,
                    0.9994445772169114,
                    -0.023772728589031275,
                    0.11853939107191283
                ],
                [
                    0.0,
                    0.0,
                    0.0,
                    1.0
                ]
            ]
        },
        {
            "file_path": "./images/IMG_7108.jpg",
            "sharpness": 27.170193470335285,
            "transform_matrix": [
                [
                    -0.014715193102584642,
                    -0.013012585221663245,
                    0.9998070492440421,
                    4.057196015800818
                ],
                [
                    0.9998518635666507,
                    0.008736985331688134,
                    0.01482956538843184,
                    0.04116000498837255
                ],
                [
                    -0.008928270507180792,
                    0.9998771613120477,
                    0.01288209115740959,
                    0.2049906574990756
                ],
                [
                    0.0,
                    0.0,
                    0.0,
                    1.0
                ]
            ]
        },
        {
            "file_path": "./images/IMG_7102.jpg",
            "sharpness": 24.384097547801115,
            "transform_matrix": [
                [
                    0.010196831670862399,
                    0.002080215881260543,
                    0.9999458471967566,
                    3.996427156324279
                ],
                [
                    0.9999465329536285,
                    -0.0017405592065191148,
                    -0.010193217728792803,
                    0.04594171177399983
                ],
                [
                    0.0017192608569582852,
                    0.9999963215711407,
                    -0.0020978528475036266,
                    0.19338724842145255
                ],
                [
                    0.0,
                    0.0,
                    0.0,
                    1.0
                ]
            ]
        },
        {
            "file_path": "./images/IMG_7028.jpg",
            "sharpness": 17.84087436541503,
            "transform_matrix": [
                [
                    -0.3632294002422239,
                    -0.04152754633519278,
                    0.9307737994246124,
                    3.838160602039943
                ],
                [
                    0.9316035650415139,
                    -0.030541749838189487,
                    0.36219055636330927,
                    1.6534590602413815
                ],
                [
                    0.013386575426421096,
                    0.9986704483524461,
                    0.04978087168936584,
                    -0.26578885213817505
                ],
                [
                    0.0,
                    0.0,
                    0.0,
                    1.0
                ]
            ]
        },
        {
            "file_path": "./images/IMG_7030.jpg",
            "sharpness": 17.58199258156539,
            "transform_matrix": [
                [
                    -0.36359063663911945,
                    -0.04660212282670924,
                    0.9303924392946664,
                    3.8230201672969906
                ],
                [
                    0.9314953430513262,
                    -0.0298475478922243,
                    0.3625266193792026,
                    1.6258483723242432
                ],
                [
                    0.010875422846149702,
                    0.9984675087518579,
                    0.05426194932963598,
                    -0.26517483815689796
                ],
                [
                    0.0,
                    0.0,
                    0.0,
                    1.0
                ]
            ]
        },
        {
            "file_path": "./images/IMG_7056.jpg",
            "sharpness": 25.0461302134724,
            "transform_matrix": [
                [
                    -0.014952681352384097,
                    -0.0017217812853941722,
                    0.9998867199787459,
                    4.036525979912666
                ],
                [
                    0.9997399706514599,
                    -0.0172441591510071,
                    0.014920792773615285,
                    -0.09266533116055571
                ],
                [
                    0.01721651539053111,
                    0.999849825946205,
                    0.0019791799887029855,
                    -0.011722979341634814
                ],
                [
                    0.0,
                    0.0,
                    0.0,
                    1.0
                ]
            ]
        },
        {
            "file_path": "./images/IMG_7057.jpg",
            "sharpness": 24.434988162941742,
            "transform_matrix": [
                [
                    -0.005015166910562098,
                    -0.006134299726459098,
                    0.9999686087412949,
                    4.010766334860425
                ],
                [
                    0.9999872201549443,
                    -0.0006692181731231904,
                    0.005011154939119055,
                    -0.08518122421261534
                ],
                [
                    0.0006384572391501061,
                    0.9999809610758491,
                    0.00613757757189684,
                    0.04617303296227252
                ],
                [
                    0.0,
                    0.0,
                    0.0,
                    1.0
                ]
            ]
        },
        {
            "file_path": "./images/IMG_6980.jpg",
            "sharpness": 22.130944895810693,
            "transform_matrix": [
                [
                    -0.3967175439123052,
                    -0.02996754795427427,
                    0.9174514354569794,
                    3.5931188462397965
                ],
                [
                    0.9178520376223395,
                    -0.02684387347518955,
                    0.39601394355422315,
                    1.4578517524686
                ],
                [
                    0.012760383409015754,
                    0.9991903484955869,
                    0.03815521050654568,
                    -0.32777653155328185
                ],
                [
                    0.0,
                    0.0,
                    0.0,
                    1.0
                ]
            ]
        },
        {
            "file_path": "./images/IMG_7023.jpg",
            "sharpness": 19.079146132691804,
            "transform_matrix": [
                [
                    -0.33823476600160396,
                    -0.039297911605863094,
                    0.9402408825463472,
                    3.7974042604453206
                ],
                [
                    0.9409897180881892,
                    -0.026486261571641412,
                    0.3373971375104853,
                    1.6512082760898639
                ],
                [
                    0.011644463069515243,
                    0.9988764448577471,
                    0.04593750524839707,
                    -0.2752675532570487
                ],
                [
                    0.0,
                    0.0,
                    0.0,
                    1.0
                ]
            ]
        },
        {
            "file_path": "./images/IMG_7044.jpg",
            "sharpness": 14.271838215550058,
            "transform_matrix": [
                [
                    -0.38209163084165526,
                    0.007667315126777836,
                    0.9240926349234619,
                    3.7945299503938905
                ],
                [
                    0.92409157166728,
                    -0.00526404013433046,
                    0.38213486762524124,
                    1.5280375419389962
                ],
                [
                    0.00779440916908856,
                    0.9999567501449681,
                    -0.005073955606230214,
                    -0.17683157317789233
                ],
                [
                    0.0,
                    0.0,
                    0.0,
                    1.0
                ]
            ]
        },
        {
            "file_path": "./images/IMG_6977.jpg",
            "sharpness": 21.116994016677335,
            "transform_matrix": [
                [
                    -0.3975234118160505,
                    -0.030782577946351815,
                    0.9170755530235113,
                    3.5876802825229985
                ],
                [
                    0.9175213854870339,
                    -0.025736477356157163,
                    0.39685279501000126,
                    1.4683821101666432
                ],
                [
                    0.011386142108651982,
                    0.9991947090675313,
                    0.03847452585294544,
                    -0.29476691983866987
                ],
                [
                    0.0,
                    0.0,
                    0.0,
                    1.0
                ]
            ]
        },
        {
            "file_path": "./images/IMG_7101.jpg",
            "sharpness": 24.261814147356503,
            "transform_matrix": [
                [
                    0.014323580754544245,
                    0.005967290200282016,
                    0.9998796059937963,
                    3.9735180082582358
                ],
                [
                    0.9998874233696642,
                    0.004384307604868986,
                    -0.014349858326818312,
                    0.040711241238637674
                ],
                [
                    -0.004469409529481069,
                    0.9999725842715727,
                    -0.005903819438827956,
                    0.23555369899203107
                ],
                [
                    0.0,
                    0.0,
                    0.0,
                    1.0
                ]
            ]
        },
        {
            "file_path": "./images/IMG_7111.jpg",
            "sharpness": 27.95589375698123,
            "transform_matrix": [
                [
                    -0.013955322431102184,
                    0.005604518225122779,
                    0.9998869127814326,
                    4.0117642455933735
                ],
                [
                    0.9998230697420764,
                    0.012691864611140038,
                    0.013883291548615135,
                    0.028087846900346256
                ],
                [
                    -0.012612620162963816,
                    0.9999037483420257,
                    -0.005780645679168049,
                    0.23778749668010327
                ],
                [
                    0.0,
                    0.0,
                    0.0,
                    1.0
                ]
            ]
        },
        {
            "file_path": "./images/IMG_6999.jpg",
            "sharpness": 16.941323530023467,
            "transform_matrix": [
                [
                    -0.39523919514903827,
                    -0.004153947779351318,
                    0.9185688451804048,
                    3.8156461671282544
                ],
                [
                    0.9185760300078444,
                    0.0004050394933105655,
                    0.3952441182839239,
                    1.4915309313649145
                ],
                [
                    -0.0020138800870699108,
                    0.9999912902926362,
                    0.00365562937667677,
                    -0.15720240738238037
                ],
                [
                    0.0,
                    0.0,
                    0.0,
                    1.0
                ]
            ]
        },
        {
            "file_path": "./images/IMG_7093.jpg",
            "sharpness": 20.009258715251676,
            "transform_matrix": [
                [
                    0.029930133254114245,
                    0.028157482605426744,
                    0.9991553149020383,
                    3.8677591331563344
                ],
                [
                    0.9995430577429478,
                    0.0033835343482202557,
                    -0.030037100612291055,
                    0.010934880251957642
                ],
                [
                    -0.004226445465185915,
                    0.9995977730411946,
                    -0.02804334662786003,
                    0.18537407844034065
                ],
                [
                    0.0,
                    0.0,
                    0.0,
                    1.0
                ]
            ]
        },
        {
            "file_path": "./images/IMG_6966.jpg",
            "sharpness": 19.261976587073182,
            "transform_matrix": [
                [
                    -0.3931421590726153,
                    -0.0247074502772337,
                    0.9191456819573252,
                    3.4884247624834166
                ],
                [
                    0.9194277393367171,
                    -0.020984403213217498,
                    0.39269872289066493,
                    1.4957141424893616
                ],
                [
                    0.00958513943212602,
                    0.9994744602654233,
                    0.030966568739265954,
                    -0.30885618432504264
                ],
                [
                    0.0,
                    0.0,
                    0.0,
                    1.0
                ]
            ]
        },
        {
            "file_path": "./images/IMG_7126.jpg",
            "sharpness": 25.726040108376548,
            "transform_matrix": [
                [
                    -0.04109068706920627,
                    0.013943635642929735,
                    0.9990581216633564,
                    4.0955653707584885
                ],
                [
                    0.9991513010599458,
                    -0.00229803532358813,
                    0.04112659266058642,
                    0.020902635577433538
                ],
                [
                    0.002869325077194402,
                    0.9999001420436867,
                    -0.013837373843783555,
                    0.29585560872358896
                ],
                [
                    0.0,
                    0.0,
                    0.0,
                    1.0
                ]
            ]
        },
        {
            "file_path": "./images/IMG_7123.jpg",
            "sharpness": 24.98285639727162,
            "transform_matrix": [
                [
                    -0.04042464540236555,
                    0.021405577306182783,
                    0.9989532768375893,
                    4.0528005502796125
                ],
                [
                    0.9991634748342767,
                    0.007050142439775285,
                    0.04028208098736461,
                    0.007498175200772043
                ],
                [
                    -0.006180501693756329,
                    0.9997460161221168,
                    -0.02167267051024344,
                    0.34119097512525653
                ],
                [
                    0.0,
                    0.0,
                    0.0,
                    1.0
                ]
            ]
        },
        {
            "file_path": "./images/IMG_7073.jpg",
            "sharpness": 23.804153944095255,
            "transform_matrix": [
                [
                    -0.007907616754229291,
                    0.03790400153927525,
                    0.9992500969551391,
                    3.9896338385330257
                ],
                [
                    0.9996261305695223,
                    0.026455461388686513,
                    0.0069070721232824895,
                    -0.06063400709963085
                ],
                [
                    -0.026173816685245148,
                    0.9989311263697305,
                    -0.038099030041525,
                    0.14766465417090419
                ],
                [
                    0.0,
                    0.0,
                    0.0,
                    1.0
                ]
            ]
        },
        {
            "file_path": "./images/IMG_7060.jpg",
            "sharpness": 22.672595360753455,
            "transform_matrix": [
                [
                    -0.015711840446990605,
                    0.002310426279762578,
                    0.9998738920486173,
                    4.041373645333006
                ],
                [
                    0.999843650031942,
                    0.008149839936976658,
                    0.01569253325010073,
                    -0.06070860546500183
                ],
                [
                    -0.00811255573614103,
                    0.9999641203761681,
                    -0.0024381140294458506,
                    0.06565454442587702
                ],
                [
                    0.0,
                    0.0,
                    0.0,
                    1.0
                ]
            ]
        },
        {
            "file_path": "./images/IMG_6997.jpg",
            "sharpness": 17.164181225008598,
            "transform_matrix": [
                [
                    -0.38569640574941844,
                    -0.007520772933135437,
                    0.9225951010962199,
                    3.7413018633130366
                ],
                [
                    0.9225908410350987,
                    0.00555531742759417,
                    0.38573991041429495,
                    1.490511590982581
                ],
                [
                    -0.008026370921206751,
                    0.9999562872561194,
                    0.004795930260995234,
                    -0.13602696691904045
                ],
                [
                    0.0,
                    0.0,
                    0.0,
                    1.0
                ]
            ]
        },
        {
            "file_path": "./images/IMG_6972.jpg",
            "sharpness": 21.548082611029614,
            "transform_matrix": [
                [
                    -0.38829799315678354,
                    -0.028200004602729478,
                    0.9211022897871312,
                    3.5575044861569447
                ],
                [
                    0.9215019796964602,
                    -0.02019696863776011,
                    0.38784814537825274,
                    1.4807801710557291
                ],
                [
                    0.007666154574172909,
                    0.9993982400417399,
                    0.03382880245875722,
                    -0.27137117926093884
                ],
                [
                    0.0,
                    0.0,
                    0.0,
                    1.0
                ]
            ]
        },
        {
            "file_path": "./images/IMG_7092.jpg",
            "sharpness": 19.431986559375108,
            "transform_matrix": [
                [
                    0.03039050538637387,
                    0.04447370857327563,
                    0.9985481993516268,
                    3.8517365645027395
                ],
                [
                    0.9993934116339447,
                    0.015645645895290033,
                    -0.03111306071706945,
                    0.002928375026260798
                ],
                [
                    -0.01700664473158861,
                    0.9988880332702632,
                    -0.04397125225320566,
                    0.23413862649928283
                ],
                [
                    0.0,
                    0.0,
                    0.0,
                    1.0
                ]
            ]
        },
        {
            "file_path": "./images/IMG_7005.jpg",
            "sharpness": 16.348531312883107,
            "transform_matrix": [
                [
                    -0.3715475839584834,
                    -0.013238139844470611,
                    0.9283195271609596,
                    3.800749158843613
                ],
                [
                    0.9283844654386761,
                    0.0026660606399020216,
                    0.3716115935392867,
                    1.572596763337623
                ],
                [
                    -0.0073944023957159336,
                    0.9999088177300962,
                    0.011299514993468858,
                    -0.15636415618678723
                ],
                [
                    0.0,
                    0.0,
                    0.0,
                    1.0
                ]
            ]
        },
        {
            "file_path": "./images/IMG_6987.jpg",
            "sharpness": 20.227836860909168,
            "transform_matrix": [
                [
                    -0.3982573551872315,
                    -0.011269615475508048,
                    0.9172044890898545,
                    3.6077920228288027
                ],
                [
                    0.9172382681771823,
                    -0.013684100587152775,
                    0.39810388692204984,
                    1.460459702468596
                ],
                [
                    0.008064640762777011,
                    0.9998428582324477,
                    0.01578671628973326,
                    -0.2268207758559843
                ],
                [
                    0.0,
                    0.0,
                    0.0,
                    1.0
                ]
            ]
        },
        {
            "file_path": "./images/IMG_6960.jpg",
            "sharpness": 16.898461975918813,
            "transform_matrix": [
                [
                    -0.41492194833214263,
                    -0.004476096025703012,
                    0.9098459987035736,
                    3.340541561486633
                ],
                [
                    0.9098462145204806,
                    -0.006912256571769648,
                    0.4148880410807686,
                    1.5534786411539925
                ],
                [
                    0.004432010272043774,
                    0.9999660920619912,
                    0.006940605988946359,
                    -0.3156640492024106
                ],
                [
                    0.0,
                    0.0,
                    0.0,
                    1.0
                ]
            ]
        },
        {
            "file_path": "./images/IMG_6981.jpg",
            "sharpness": 19.67670826323361,
            "transform_matrix": [
                [
                    -0.4005117806984305,
                    -0.025460189236147145,
                    0.9159378211899035,
                    3.5951083421097256
                ],
                [
                    0.9162297345463862,
                    -0.022744551288471797,
                    0.40000719858490624,
                    1.4582111848427477
                ],
                [
                    0.010648335779312079,
                    0.9994170621672523,
                    0.03243684316306847,
                    -0.304910726599909
                ],
                [
                    0.0,
                    0.0,
                    0.0,
                    1.0
                ]
            ]
        },
        {
            "file_path": "./images/IMG_7129.jpg",
            "sharpness": 24.204457261571424,
            "transform_matrix": [
                [
                    -0.026805179416764805,
                    0.013982571374401174,
                    0.9995428805481387,
                    4.070756027367482
                ],
                [
                    0.9996406559941498,
                    0.00017181053687480294,
                    0.02680539805199359,
                    0.04443640073795841
                ],
                [
                    0.00020307639254486825,
                    0.9999022243095447,
                    -0.013982152233458053,
                    0.32246829061967053
                ],
                [
                    0.0,
                    0.0,
                    0.0,
                    1.0
                ]
            ]
        },
        {
            "file_path": "./images/IMG_6970.jpg",
            "sharpness": 19.95329268090999,
            "transform_matrix": [
                [
                    -0.38750836027970975,
                    -0.028899263463315478,
                    0.9214131013204035,
                    3.5293756081597123
                ],
                [
                    0.9218408149015535,
                    -0.019563385797676684,
                    0.38707465160840926,
                    1.4811975287668422
                ],
                [
                    0.006839787643362357,
                    0.9993908677327831,
                    0.03422149613305446,
                    -0.2672430450130614
                ],
                [
                    0.0,
                    0.0,
                    0.0,
                    1.0
                ]
            ]
        },
        {
            "file_path": "./images/IMG_7029.jpg",
            "sharpness": 19.744061167980604,
            "transform_matrix": [
                [
                    -0.36129067543833066,
                    -0.045019268213233564,
                    0.9313658321686141,
                    3.8034921684411094
                ],
                [
                    0.9323960487128773,
                    -0.02850485955497136,
                    0.36031247733927463,
                    1.6319170408827903
                ],
                [
                    0.01032744818235395,
                    0.9985793601269616,
                    0.05227432775985457,
                    -0.2538857367591932
                ],
                [
                    0.0,
                    0.0,
                    0.0,
                    1.0
                ]
            ]
        },
        {
            "file_path": "./images/IMG_7016.jpg",
            "sharpness": 12.35421167803376,
            "transform_matrix": [
                [
                    -0.3153715393212771,
                    -0.026095453699620342,
                    0.948609413553658,
                    3.6573211598323514
                ],
                [
                    0.9489681015816005,
                    -0.00928143539060691,
                    0.31523546300773797,
                    1.6996315864859932
                ],
                [
                    0.0005782445534229878,
                    0.9996163675398562,
                    0.027690853723485936,
                    -0.19399152822981258
                ],
                [
                    0.0,
                    0.0,
                    0.0,
                    1.0
                ]
            ]
        },
        {
            "file_path": "./images/IMG_7065.jpg",
            "sharpness": 26.917690058265304,
            "transform_matrix": [
                [
                    -0.013765790899365414,
                    0.016912359818734558,
                    0.999762209271061,
                    4.0349557092020785
                ],
                [
                    0.9996624525490398,
                    0.02226541389814616,
                    0.013387767087281156,
                    -0.06302805317510844
                ],
                [
                    -0.02203370065499568,
                    0.999609035288088,
                    -0.017213152126797752,
                    0.11574048300829898
                ],
                [
                    0.0,
                    0.0,
                    0.0,
                    1.0
                ]
            ]
        },
        {
            "file_path": "./images/IMG_7125.jpg",
            "sharpness": 25.938587846368826,
            "transform_matrix": [
                [
                    -0.042231735639329186,
                    0.016443377910085485,
                    0.9989725200565186,
                    4.096607744962059
                ],
                [
                    0.9991076931891343,
                    0.0012412818422795277,
                    0.042217018247088685,
                    0.017885851495227693
                ],
                [
                    -0.000545816064808528,
                    0.9998640280270963,
                    -0.016481126858599753,
                    0.30228677941470494
                ],
                [
                    0.0,
                    0.0,
                    0.0,
                    1.0
                ]
            ]
        },
        {
            "file_path": "./images/IMG_7037.jpg",
            "sharpness": 13.496640577734379,
            "transform_matrix": [
                [
                    -0.3692965700442,
                    -0.02093808846934789,
                    0.9290756911065507,
                    3.7837588646426807
                ],
                [
                    0.9292864858238354,
                    -0.0156696752214379,
                    0.369027219244924,
                    1.5872853449206676
                ],
                [
                    0.0068315897716249635,
                    0.9996579703728573,
                    0.02524423996653246,
                    -0.28006955065453865
                ],
                [
                    0.0,
                    0.0,
                    0.0,
                    1.0
                ]
            ]
        },
        {
            "file_path": "./images/IMG_7128.jpg",
            "sharpness": 21.626232060425988,
            "transform_matrix": [
                [
                    -0.03200300490243645,
                    0.012439004339605287,
                    0.9994103655898958,
                    4.09910582671799
                ],
                [
                    0.9994877485797952,
                    0.0006177387812070768,
                    0.031997794262897214,
                    0.03629433006120961
                ],
                [
                    -0.00021935383947123554,
                    0.9999224417774177,
                    -0.01245240193920981,
                    0.3136085403458514
                ],
                [
                    0.0,
                    0.0,
                    0.0,
                    1.0
                ]
            ]
        },
        {
